Here0
Here1
Here2
Here3
Here4
Finish
(756, 10000)
Finish1
(756, 10000)
Finish2
[4950, 4951, 4952, 5050, 5051, 5052, 5150, 5151, 5152]
5151
[4950, 4951, 4952, 5050, 5051, 5052, 5150, 5151, 5152]
5151
[4846, 4847, 4848, 4946, 4947, 4948, 5046, 5047, 5048]
4740
[4736, 4737, 4738, 4836, 4837, 4838, 4936, 4937, 4938]
4836
[4742, 4743, 4744, 4842, 4843, 4844, 4942, 4943, 4944]
4949
[4840, 4841, 4842, 4940, 4941, 4942, 5040, 5041, 5042]
5143
[4851, 4852, 4853, 4951, 4952, 4953, 5051, 5052, 5053]
0
[4848, 4849, 4850, 4948, 4949, 4950, 5048, 5049, 5050]
5133
[4851, 4852, 4853, 4951, 4952, 4953, 5051, 5052, 5053]
4636
[5051, 5052, 5053, 5151, 5152, 5153, 5251, 5252, 5253]
4953
[4848, 4849, 4850, 4948, 4949, 4950, 5048, 5049, 5050]
0
[4850, 4851, 4852, 4950, 4951, 4952, 5050, 5051, 5052]
5270
[4848, 4849, 4850, 4948, 4949, 4950, 5048, 5049, 5050]
0
[5051, 5052, 5053, 5151, 5152, 5153, 5251, 5252, 5253]
0
[4737, 4738, 4739, 4837, 4838, 4839, 4937, 4938, 4939]
0
[4951, 4952, 4953, 5051, 5052, 5053, 5151, 5152, 5153]
4945
[4850, 4851, 4852, 4950, 4951, 4952, 5050, 5051, 5052]
0
[4850, 4851, 4852, 4950, 4951, 4952, 5050, 5051, 5052]
0
[4743, 4744, 4745, 4843, 4844, 4845, 4943, 4944, 4945]
4745
[4852, 4853, 4854, 4952, 4953, 4954, 5052, 5053, 5054]
4855
[4847, 4848, 4849, 4947, 4948, 4949, 5047, 5048, 5049]
5240
[4952, 4953, 4954, 5052, 5053, 5054, 5152, 5153, 5154]
0
[4849, 4850, 4851, 4949, 4950, 4951, 5049, 5050, 5051]
5046
[4947, 4948, 4949, 5047, 5048, 5049, 5147, 5148, 5149]
4939
[4949, 4950, 4951, 5049, 5050, 5051, 5149, 5150, 5151]
5242
[4949, 4950, 4951, 5049, 5050, 5051, 5149, 5150, 5151]
0
[5051, 5052, 5053, 5151, 5152, 5153, 5251, 5252, 5253]
0
[4737, 4738, 4739, 4837, 4838, 4839, 4937, 4938, 4939]
5266
[4848, 4849, 4850, 4948, 4949, 4950, 5048, 5049, 5050]
4740
[4949, 4950, 4951, 5049, 5050, 5051, 5149, 5150, 5151]
5359
[4953, 4954, 4955, 5053, 5054, 5055, 5153, 5154, 5155]
0
[5041, 5042, 5043, 5141, 5142, 5143, 5241, 5242, 5243]
5266
[4951, 4952, 4953, 5051, 5052, 5053, 5151, 5152, 5153]
4834
[4951, 4952, 4953, 5051, 5052, 5053, 5151, 5152, 5153]
0
[4952, 4953, 4954, 5052, 5053, 5054, 5152, 5153, 5154]
5238
[4852, 4853, 4854, 4952, 4953, 4954, 5052, 5053, 5054]
5242
[5050, 5051, 5052, 5150, 5151, 5152, 5250, 5251, 5252]
5054
[4953, 4954, 4955, 5053, 5054, 5055, 5153, 5154, 5155]
5354
[4633, 4634, 4635, 4733, 4734, 4735, 4833, 4834, 4835]
5057
[4950, 4951, 4952, 5050, 5051, 5052, 5150, 5151, 5152]
5056
[4740, 4741, 4742, 4840, 4841, 4842, 4940, 4941, 4942]
5161
[4949, 4950, 4951, 5049, 5050, 5051, 5149, 5150, 5151]
5038
[5137, 5138, 5139, 5237, 5238, 5239, 5337, 5338, 5339]
0
[5052, 5053, 5054, 5152, 5153, 5154, 5252, 5253, 5254]
4744
[4849, 4850, 4851, 4949, 4950, 4951, 5049, 5050, 5051]
5143
[4641, 4642, 4643, 4741, 4742, 4743, 4841, 4842, 4843]
0
[4951, 4952, 4953, 5051, 5052, 5053, 5151, 5152, 5153]
0
[5053, 5054, 5055, 5153, 5154, 5155, 5253, 5254, 5255]
5249
[4835, 4836, 4837, 4935, 4936, 4937, 5035, 5036, 5037]
5250
[4848, 4849, 4850, 4948, 4949, 4950, 5048, 5049, 5050]
0
[4843, 4844, 4845, 4943, 4944, 4945, 5043, 5044, 5045]
0
[4843, 4844, 4845, 4943, 4944, 4945, 5043, 5044, 5045]
5145
[5146, 5147, 5148, 5246, 5247, 5248, 5346, 5347, 5348]
5146
[4840, 4841, 4842, 4940, 4941, 4942, 5040, 5041, 5042]
0
[4952, 4953, 4954, 5052, 5053, 5054, 5152, 5153, 5154]
5248
[4950, 4951, 4952, 5050, 5051, 5052, 5150, 5151, 5152]
5238
[4952, 4953, 4954, 5052, 5053, 5054, 5152, 5153, 5154]
5155
[4948, 4949, 4950, 5048, 5049, 5050, 5148, 5149, 5150]
5270
[4741, 4742, 4743, 4841, 4842, 4843, 4941, 4942, 4943]
5353
[4948, 4949, 4950, 5048, 5049, 5050, 5148, 5149, 5150]
0
[4846, 4847, 4848, 4946, 4947, 4948, 5046, 5047, 5048]
5050
[4841, 4842, 4843, 4941, 4942, 4943, 5041, 5042, 5043]
4855
[4948, 4949, 4950, 5048, 5049, 5050, 5148, 5149, 5150]
5038
[4849, 4850, 4851, 4949, 4950, 4951, 5049, 5050, 5051]
4745
[4948, 4949, 4950, 5048, 5049, 5050, 5148, 5149, 5150]
5145
[5048, 5049, 5050, 5148, 5149, 5150, 5248, 5249, 5250]
5038
[4841, 4842, 4843, 4941, 4942, 4943, 5041, 5042, 5043]
5143
[4849, 4850, 4851, 4949, 4950, 4951, 5049, 5050, 5051]
4744
[5133, 5134, 5135, 5233, 5234, 5235, 5333, 5334, 5335]
5242
[4737, 4738, 4739, 4837, 4838, 4839, 4937, 4938, 4939]
5161
[4849, 4850, 4851, 4949, 4950, 4951, 5049, 5050, 5051]
0
[4948, 4949, 4950, 5048, 5049, 5050, 5148, 5149, 5150]
4949
[4949, 4950, 4951, 5049, 5050, 5051, 5149, 5150, 5151]
0
[4950, 4951, 4952, 5050, 5051, 5052, 5150, 5151, 5152]
0
[4948, 4949, 4950, 5048, 5049, 5050, 5148, 5149, 5150]
4941
[5149, 5150, 5151, 5249, 5250, 5251, 5349, 5350, 5351]
5160
[4852, 4853, 4854, 4952, 4953, 4954, 5052, 5053, 5054]
5046
[4733, 4734, 4735, 4833, 4834, 4835, 4933, 4934, 4935]
5266
[4733, 4734, 4735, 4833, 4834, 4835, 4933, 4934, 4935]
4744
[4951, 4952, 4953, 5051, 5052, 5053, 5151, 5152, 5153]
5244
[4949, 4950, 4951, 5049, 5050, 5051, 5149, 5150, 5151]
5036
[4641, 4642, 4643, 4741, 4742, 4743, 4841, 4842, 4843]
0
[4948, 4949, 4950, 5048, 5049, 5050, 5148, 5149, 5150]
0
[4850, 4851, 4852, 4950, 4951, 4952, 5050, 5051, 5052]
4835
[4848, 4849, 4850, 4948, 4949, 4950, 5048, 5049, 5050]
5056
[4851, 4852, 4853, 4951, 4952, 4953, 5051, 5052, 5053]
5247
[5151, 5152, 5153, 5251, 5252, 5253, 5351, 5352, 5353]
5038
[5056, 5057, 5058, 5156, 5157, 5158, 5256, 5257, 5258]
5351
[4532, 4533, 4534, 4632, 4633, 4634, 4732, 4733, 4734]
0
[4949, 4950, 4951, 5049, 5050, 5051, 5149, 5150, 5151]
0
[5040, 5041, 5042, 5140, 5141, 5142, 5240, 5241, 5242]
5266
[4955, 4956, 4957, 5055, 5056, 5057, 5155, 5156, 5157]
5266
[4849, 4850, 4851, 4949, 4950, 4951, 5049, 5050, 5051]
5265
[4641, 4642, 4643, 4741, 4742, 4743, 4841, 4842, 4843]
5133
[5052, 5053, 5054, 5152, 5153, 5154, 5252, 5253, 5254]
0
[4947, 4948, 4949, 5047, 5048, 5049, 5147, 5148, 5149]
5270
[5053, 5054, 5055, 5153, 5154, 5155, 5253, 5254, 5255]
5145
[4951, 4952, 4953, 5051, 5052, 5053, 5151, 5152, 5153]
4744
[4951, 4952, 4953, 5051, 5052, 5053, 5151, 5152, 5153]
4953
[5052, 5053, 5054, 5152, 5153, 5154, 5252, 5253, 5254]
0
[4952, 4953, 4954, 5052, 5053, 5054, 5152, 5153, 5154]
4951
[4951, 4952, 4953, 5051, 5052, 5053, 5151, 5152, 5153]
4934
[5142, 5143, 5144, 5242, 5243, 5244, 5342, 5343, 5344]
5351
[4851, 4852, 4853, 4951, 4952, 4953, 5051, 5052, 5053]
5133
[4735, 4736, 4737, 4835, 4836, 4837, 4935, 4936, 4937]
0
[4632, 4633, 4634, 4732, 4733, 4734, 4832, 4833, 4834]
4636
[4849, 4850, 4851, 4949, 4950, 4951, 5049, 5050, 5051]
4733
[4850, 4851, 4852, 4950, 4951, 4952, 5050, 5051, 5052]
5161
[5054, 5055, 5056, 5154, 5155, 5156, 5254, 5255, 5256]
0
[4850, 4851, 4852, 4950, 4951, 4952, 5050, 5051, 5052]
4637
[4844, 4845, 4846, 4944, 4945, 4946, 5044, 5045, 5046]
0
[4951, 4952, 4953, 5051, 5052, 5053, 5151, 5152, 5153]
5161
[4952, 4953, 4954, 5052, 5053, 5054, 5152, 5153, 5154]
5238
[4948, 4949, 4950, 5048, 5049, 5050, 5148, 5149, 5150]
5241
[4951, 4952, 4953, 5051, 5052, 5053, 5151, 5152, 5153]
5270
[4951, 4952, 4953, 5051, 5052, 5053, 5151, 5152, 5153]
5047
[4850, 4851, 4852, 4950, 4951, 4952, 5050, 5051, 5052]
5146
[4641, 4642, 4643, 4741, 4742, 4743, 4841, 4842, 4843]
4951
[4850, 4851, 4852, 4950, 4951, 4952, 5050, 5051, 5052]
5036
[4850, 4851, 4852, 4950, 4951, 4952, 5050, 5051, 5052]
4944
[5051, 5052, 5053, 5151, 5152, 5153, 5251, 5252, 5253]
4855
[4949, 4950, 4951, 5049, 5050, 5051, 5149, 5150, 5151]
5049
[4948, 4949, 4950, 5048, 5049, 5050, 5148, 5149, 5150]
0
[4737, 4738, 4739, 4837, 4838, 4839, 4937, 4938, 4939]
0
[4633, 4634, 4635, 4733, 4734, 4735, 4833, 4834, 4835]
0
[4951, 4952, 4953, 5051, 5052, 5053, 5151, 5152, 5153]
4742
[4951, 4952, 4953, 5051, 5052, 5053, 5151, 5152, 5153]
0
[4951, 4952, 4953, 5051, 5052, 5053, 5151, 5152, 5153]
5237
[5057, 5058, 5059, 5157, 5158, 5159, 5257, 5258, 5259]
4836
[4947, 4948, 4949, 5047, 5048, 5049, 5147, 5148, 5149]
5247
[4850, 4851, 4852, 4950, 4951, 4952, 5050, 5051, 5052]
4845
[4841, 4842, 4843, 4941, 4942, 4943, 5041, 5042, 5043]
0
[4948, 4949, 4950, 5048, 5049, 5050, 5148, 5149, 5150]
4739
[4838, 4839, 4840, 4938, 4939, 4940, 5038, 5039, 5040]
0
[4847, 4848, 4849, 4947, 4948, 4949, 5047, 5048, 5049]
5266
[4852, 4853, 4854, 4952, 4953, 4954, 5052, 5053, 5054]
4939
[4846, 4847, 4848, 4946, 4947, 4948, 5046, 5047, 5048]
4949
[5052, 5053, 5054, 5152, 5153, 5154, 5252, 5253, 5254]
5133
[4949, 4950, 4951, 5049, 5050, 5051, 5149, 5150, 5151]
4845
[4850, 4851, 4852, 4950, 4951, 4952, 5050, 5051, 5052]
4855
[4851, 4852, 4853, 4951, 4952, 4953, 5051, 5052, 5053]
0
[4947, 4948, 4949, 5047, 5048, 5049, 5147, 5148, 5149]
0
[4951, 4952, 4953, 5051, 5052, 5053, 5151, 5152, 5153]
0
[5051, 5052, 5053, 5151, 5152, 5153, 5251, 5252, 5253]
5154
[4948, 4949, 4950, 5048, 5049, 5050, 5148, 5149, 5150]
5346
[5041, 5042, 5043, 5141, 5142, 5143, 5241, 5242, 5243]
0
[4950, 4951, 4952, 5050, 5051, 5052, 5150, 5151, 5152]
4953
[5161, 5162, 5163, 5261, 5262, 5263, 5361, 5362, 5363]
5159
[4743, 4744, 4745, 4843, 4844, 4845, 4943, 4944, 4945]
5357
[4946, 4947, 4948, 5046, 5047, 5048, 5146, 5147, 5148]
5047
[4841, 4842, 4843, 4941, 4942, 4943, 5041, 5042, 5043]
0
[4951, 4952, 4953, 5051, 5052, 5053, 5151, 5152, 5153]
0
[4950, 4951, 4952, 5050, 5051, 5052, 5150, 5151, 5152]
5245
[4848, 4849, 4850, 4948, 4949, 4950, 5048, 5049, 5050]
0
[4531, 4532, 4533, 4631, 4632, 4633, 4731, 4732, 4733]
5056
[4851, 4852, 4853, 4951, 4952, 4953, 5051, 5052, 5053]
5270
[5056, 5057, 5058, 5156, 5157, 5158, 5256, 5257, 5258]
0
[4850, 4851, 4852, 4950, 4951, 4952, 5050, 5051, 5052]
4944
[4948, 4949, 4950, 5048, 5049, 5050, 5148, 5149, 5150]
0
[4950, 4951, 4952, 5050, 5051, 5052, 5150, 5151, 5152]
0
[4950, 4951, 4952, 5050, 5051, 5052, 5150, 5151, 5152]
5357
[4949, 4950, 4951, 5049, 5050, 5051, 5149, 5150, 5151]
4744
[4953, 4954, 4955, 5053, 5054, 5055, 5153, 5154, 5155]
5352
[5050, 5051, 5052, 5150, 5151, 5152, 5250, 5251, 5252]
0
[4951, 4952, 4953, 5051, 5052, 5053, 5151, 5152, 5153]
5238
[4847, 4848, 4849, 4947, 4948, 4949, 5047, 5048, 5049]
0
[4952, 4953, 4954, 5052, 5053, 5054, 5152, 5153, 5154]
4742
[4851, 4852, 4853, 4951, 4952, 4953, 5051, 5052, 5053]
5357
[4847, 4848, 4849, 4947, 4948, 4949, 5047, 5048, 5049]
5270
[5051, 5052, 5053, 5151, 5152, 5153, 5251, 5252, 5253]
4845
[4733, 4734, 4735, 4833, 4834, 4835, 4933, 4934, 4935]
5161
[4953, 4954, 4955, 5053, 5054, 5055, 5153, 5154, 5155]
4945
[4845, 4846, 4847, 4945, 4946, 4947, 5045, 5046, 5047]
0
[5050, 5051, 5052, 5150, 5151, 5152, 5250, 5251, 5252]
4949
[4950, 4951, 4952, 5050, 5051, 5052, 5150, 5151, 5152]
5161
[4850, 4851, 4852, 4950, 4951, 4952, 5050, 5051, 5052]
4941
[4847, 4848, 4849, 4947, 4948, 4949, 5047, 5048, 5049]
0
[4846, 4847, 4848, 4946, 4947, 4948, 5046, 5047, 5048]
5159
[4948, 4949, 4950, 5048, 5049, 5050, 5148, 5149, 5150]
4744
[4948, 4949, 4950, 5048, 5049, 5050, 5148, 5149, 5150]
0
[4640, 4641, 4642, 4740, 4741, 4742, 4840, 4841, 4842]
5132
[4952, 4953, 4954, 5052, 5053, 5054, 5152, 5153, 5154]
4939
[5049, 5050, 5051, 5149, 5150, 5151, 5249, 5250, 5251]
5057
[4953, 4954, 4955, 5053, 5054, 5055, 5153, 5154, 5155]
5267
[4846, 4847, 4848, 4946, 4947, 4948, 5046, 5047, 5048]
0
[4948, 4949, 4950, 5048, 5049, 5050, 5148, 5149, 5150]
4948
[5149, 5150, 5151, 5249, 5250, 5251, 5349, 5350, 5351]
0
[4955, 4956, 4957, 5055, 5056, 5057, 5155, 5156, 5157]
5158
[5050, 5051, 5052, 5150, 5151, 5152, 5250, 5251, 5252]
5157
[4843, 4844, 4845, 4943, 4944, 4945, 5043, 5044, 5045]
5159
[5053, 5054, 5055, 5153, 5154, 5155, 5253, 5254, 5255]
4742
[4953, 4954, 4955, 5053, 5054, 5055, 5153, 5154, 5155]
5351
[5136, 5137, 5138, 5236, 5237, 5238, 5336, 5337, 5338]
4643
[4952, 4953, 4954, 5052, 5053, 5054, 5152, 5153, 5154]
4634
[4946, 4947, 4948, 5046, 5047, 5048, 5146, 5147, 5148]
0
[4843, 4844, 4845, 4943, 4944, 4945, 5043, 5044, 5045]
5445
[4847, 4848, 4849, 4947, 4948, 4949, 5047, 5048, 5049]
5036
[4852, 4853, 4854, 4952, 4953, 4954, 5052, 5053, 5054]
0
[4741, 4742, 4743, 4841, 4842, 4843, 4941, 4942, 4943]
0
[4851, 4852, 4853, 4951, 4952, 4953, 5051, 5052, 5053]
5036
[4736, 4737, 4738, 4836, 4837, 4838, 4936, 4937, 4938]
5047
[4848, 4849, 4850, 4948, 4949, 4950, 5048, 5049, 5050]
5351
[4948, 4949, 4950, 5048, 5049, 5050, 5148, 5149, 5150]
5036
[4850, 4851, 4852, 4950, 4951, 4952, 5050, 5051, 5052]
5346
[4842, 4843, 4844, 4942, 4943, 4944, 5042, 5043, 5044]
5250
[4951, 4952, 4953, 5051, 5052, 5053, 5151, 5152, 5153]
0
[4949, 4950, 4951, 5049, 5050, 5051, 5149, 5150, 5151]
5154
[4951, 4952, 4953, 5051, 5052, 5053, 5151, 5152, 5153]
4953
[4850, 4851, 4852, 4950, 4951, 4952, 5050, 5051, 5052]
0
[4951, 4952, 4953, 5051, 5052, 5053, 5151, 5152, 5153]
5057
[4848, 4849, 4850, 4948, 4949, 4950, 5048, 5049, 5050]
4946
[4842, 4843, 4844, 4942, 4943, 4944, 5042, 5043, 5044]
4739
[4947, 4948, 4949, 5047, 5048, 5049, 5147, 5148, 5149]
5157
[4951, 4952, 4953, 5051, 5052, 5053, 5151, 5152, 5153]
5244
[4846, 4847, 4848, 4946, 4947, 4948, 5046, 5047, 5048]
5270
[5057, 5058, 5059, 5157, 5158, 5159, 5257, 5258, 5259]
4941
[4953, 4954, 4955, 5053, 5054, 5055, 5153, 5154, 5155]
4744
[4953, 4954, 4955, 5053, 5054, 5055, 5153, 5154, 5155]
0
[4844, 4845, 4846, 4944, 4945, 4946, 5044, 5045, 5046]
0
[4851, 4852, 4853, 4951, 4952, 4953, 5051, 5052, 5053]
0
[5054, 5055, 5056, 5154, 5155, 5156, 5254, 5255, 5256]
5143
[5137, 5138, 5139, 5237, 5238, 5239, 5337, 5338, 5339]
0
[4852, 4853, 4854, 4952, 4953, 4954, 5052, 5053, 5054]
0
[4634, 4635, 4636, 4734, 4735, 4736, 4834, 4835, 4836]
0
[4851, 4852, 4853, 4951, 4952, 4953, 5051, 5052, 5053]
4636
[4736, 4737, 4738, 4836, 4837, 4838, 4936, 4937, 4938]
0
[4850, 4851, 4852, 4950, 4951, 4952, 5050, 5051, 5052]
5133
[4949, 4950, 4951, 5049, 5050, 5051, 5149, 5150, 5151]
0
[4950, 4951, 4952, 5050, 5051, 5052, 5150, 5151, 5152]
0
[4848, 4849, 4850, 4948, 4949, 4950, 5048, 5049, 5050]
4534
[4952, 4953, 4954, 5052, 5053, 5054, 5152, 5153, 5154]
5240
[4948, 4949, 4950, 5048, 5049, 5050, 5148, 5149, 5150]
4643
[4841, 4842, 4843, 4941, 4942, 4943, 5041, 5042, 5043]
0
[4835, 4836, 4837, 4935, 4936, 4937, 5035, 5036, 5037]
0
[4948, 4949, 4950, 5048, 5049, 5050, 5148, 5149, 5150]
4744
[4849, 4850, 4851, 4949, 4950, 4951, 5049, 5050, 5051]
0
[4838, 4839, 4840, 4938, 4939, 4940, 5038, 5039, 5040]
0
[5052, 5053, 5054, 5152, 5153, 5154, 5252, 5253, 5254]
4740
[4848, 4849, 4850, 4948, 4949, 4950, 5048, 5049, 5050]
0
[4847, 4848, 4849, 4947, 4948, 4949, 5047, 5048, 5049]
0
[4954, 4955, 4956, 5054, 5055, 5056, 5154, 5155, 5156]
5161
[5050, 5051, 5052, 5150, 5151, 5152, 5250, 5251, 5252]
4953
[4949, 4950, 4951, 5049, 5050, 5051, 5149, 5150, 5151]
4941
[4955, 4956, 4957, 5055, 5056, 5057, 5155, 5156, 5157]
5132
[4848, 4849, 4850, 4948, 4949, 4950, 5048, 5049, 5050]
4744
[4847, 4848, 4849, 4947, 4948, 4949, 5047, 5048, 5049]
5237
[4846, 4847, 4848, 4946, 4947, 4948, 5046, 5047, 5048]
5034
[4948, 4949, 4950, 5048, 5049, 5050, 5148, 5149, 5150]
4740
[4951, 4952, 4953, 5051, 5052, 5053, 5151, 5152, 5153]
4836
[4950, 4951, 4952, 5050, 5051, 5052, 5150, 5151, 5152]
5148
[4952, 4953, 4954, 5052, 5053, 5054, 5152, 5153, 5154]
5351
[4949, 4950, 4951, 5049, 5050, 5051, 5149, 5150, 5151]
4845
[4948, 4949, 4950, 5048, 5049, 5050, 5148, 5149, 5150]
0
[4950, 4951, 4952, 5050, 5051, 5052, 5150, 5151, 5152]
0
[4948, 4949, 4950, 5048, 5049, 5050, 5148, 5149, 5150]
5270
[4848, 4849, 4850, 4948, 4949, 4950, 5048, 5049, 5050]
0
[4848, 4849, 4850, 4948, 4949, 4950, 5048, 5049, 5050]
5270
[5056, 5057, 5058, 5156, 5157, 5158, 5256, 5257, 5258]
5133
[4951, 4952, 4953, 5051, 5052, 5053, 5151, 5152, 5153]
4934
[4950, 4951, 4952, 5050, 5051, 5052, 5150, 5151, 5152]
5266
[4952, 4953, 4954, 5052, 5053, 5054, 5152, 5153, 5154]
0
[5152, 5153, 5154, 5252, 5253, 5254, 5352, 5353, 5354]
4636
[5137, 5138, 5139, 5237, 5238, 5239, 5337, 5338, 5339]
4744
[4949, 4950, 4951, 5049, 5050, 5051, 5149, 5150, 5151]
5357
[4846, 4847, 4848, 4946, 4947, 4948, 5046, 5047, 5048]
4836
[4948, 4949, 4950, 5048, 5049, 5050, 5148, 5149, 5150]
5270
[4948, 4949, 4950, 5048, 5049, 5050, 5148, 5149, 5150]
4740
[4741, 4742, 4743, 4841, 4842, 4843, 4941, 4942, 4943]
0
[4843, 4844, 4845, 4943, 4944, 4945, 5043, 5044, 5045]
0
[5136, 5137, 5138, 5236, 5237, 5238, 5336, 5337, 5338]
0
[4951, 4952, 4953, 5051, 5052, 5053, 5151, 5152, 5153]
4739
[4947, 4948, 4949, 5047, 5048, 5049, 5147, 5148, 5149]
5267
[4952, 4953, 4954, 5052, 5053, 5054, 5152, 5153, 5154]
5159
[4851, 4852, 4853, 4951, 4952, 4953, 5051, 5052, 5053]
5045
[4744, 4745, 4746, 4844, 4845, 4846, 4944, 4945, 4946]
5232
[5136, 5137, 5138, 5236, 5237, 5238, 5336, 5337, 5338]
5241
[4950, 4951, 4952, 5050, 5051, 5052, 5150, 5151, 5152]
5057
[5144, 5145, 5146, 5244, 5245, 5246, 5344, 5345, 5346]
0
[4852, 4853, 4854, 4952, 4953, 4954, 5052, 5053, 5054]
0
[4849, 4850, 4851, 4949, 4950, 4951, 5049, 5050, 5051]
5238
[4842, 4843, 4844, 4942, 4943, 4944, 5042, 5043, 5044]
5049
[4956, 4957, 4958, 5056, 5057, 5058, 5156, 5157, 5158]
4949
[5060, 5061, 5062, 5160, 5161, 5162, 5260, 5261, 5262]
4941
[5137, 5138, 5139, 5237, 5238, 5239, 5337, 5338, 5339]
5161
[4845, 4846, 4847, 4945, 4946, 4947, 5045, 5046, 5047]
5351
[4949, 4950, 4951, 5049, 5050, 5051, 5149, 5150, 5151]
0
[4844, 4845, 4846, 4944, 4945, 4946, 5044, 5045, 5046]
4836
[4953, 4954, 4955, 5053, 5054, 5055, 5153, 5154, 5155]
5353
[4947, 4948, 4949, 5047, 5048, 5049, 5147, 5148, 5149]
5352
[4852, 4853, 4854, 4952, 4953, 4954, 5052, 5053, 5054]
4941
[4848, 4849, 4850, 4948, 4949, 4950, 5048, 5049, 5050]
0
[4951, 4952, 4953, 5051, 5052, 5053, 5151, 5152, 5153]
4933
[4949, 4950, 4951, 5049, 5050, 5051, 5149, 5150, 5151]
4740
[4946, 4947, 4948, 5046, 5047, 5048, 5146, 5147, 5148]
0
[4951, 4952, 4953, 5051, 5052, 5053, 5151, 5152, 5153]
5143
[4850, 4851, 4852, 4950, 4951, 4952, 5050, 5051, 5052]
5133
[4853, 4854, 4855, 4953, 4954, 4955, 5053, 5054, 5055]
4643
[4847, 4848, 4849, 4947, 4948, 4949, 5047, 5048, 5049]
5266
[5136, 5137, 5138, 5236, 5237, 5238, 5336, 5337, 5338]
5045
[5055, 5056, 5057, 5155, 5156, 5157, 5255, 5256, 5257]
5155
[4947, 4948, 4949, 5047, 5048, 5049, 5147, 5148, 5149]
4742
[4948, 4949, 4950, 5048, 5049, 5050, 5148, 5149, 5150]
4534
[4956, 4957, 4958, 5056, 5057, 5058, 5156, 5157, 5158]
5244
[4850, 4851, 4852, 4950, 4951, 4952, 5050, 5051, 5052]
5161
[4836, 4837, 4838, 4936, 4937, 4938, 5036, 5037, 5038]
5237
[4846, 4847, 4848, 4946, 4947, 4948, 5046, 5047, 5048]
5046
[4736, 4737, 4738, 4836, 4837, 4838, 4936, 4937, 4938]
4745
[4842, 4843, 4844, 4942, 4943, 4944, 5042, 5043, 5044]
5161
[4950, 4951, 4952, 5050, 5051, 5052, 5150, 5151, 5152]
5159
[4846, 4847, 4848, 4946, 4947, 4948, 5046, 5047, 5048]
5266
[4954, 4955, 4956, 5054, 5055, 5056, 5154, 5155, 5156]
4742
[4951, 4952, 4953, 5051, 5052, 5053, 5151, 5152, 5153]
5049
[4848, 4849, 4850, 4948, 4949, 4950, 5048, 5049, 5050]
4855
[4848, 4849, 4850, 4948, 4949, 4950, 5048, 5049, 5050]
5270
[4849, 4850, 4851, 4949, 4950, 4951, 5049, 5050, 5051]
4934
[5051, 5052, 5053, 5151, 5152, 5153, 5251, 5252, 5253]
0
[5163, 5164, 5165, 5263, 5264, 5265, 5363, 5364, 5365]
5161
[5058, 5059, 5060, 5158, 5159, 5160, 5258, 5259, 5260]
5045
[4532, 4533, 4534, 4632, 4633, 4634, 4732, 4733, 4734]
4855
[4933, 4934, 4935, 5033, 5034, 5035, 5133, 5134, 5135]
5259
[4955, 4956, 4957, 5055, 5056, 5057, 5155, 5156, 5157]
0
[4748, 4749, 4750, 4848, 4849, 4850, 4948, 4949, 4950]
0
[4950, 4951, 4952, 5050, 5051, 5052, 5150, 5151, 5152]
5244
[4949, 4950, 4951, 5049, 5050, 5051, 5149, 5150, 5151]
5242
[4951, 4952, 4953, 5051, 5052, 5053, 5151, 5152, 5153]
4935
[4838, 4839, 4840, 4938, 4939, 4940, 5038, 5039, 5040]
4933
[4954, 4955, 4956, 5054, 5055, 5056, 5154, 5155, 5156]
5046
[4951, 4952, 4953, 5051, 5052, 5053, 5151, 5152, 5153]
0
[4844, 4845, 4846, 4944, 4945, 4946, 5044, 5045, 5046]
4845
[4953, 4954, 4955, 5053, 5054, 5055, 5153, 5154, 5155]
5346
[5054, 5055, 5056, 5154, 5155, 5156, 5254, 5255, 5256]
5247
[5050, 5051, 5052, 5150, 5151, 5152, 5250, 5251, 5252]
5270
[4843, 4844, 4845, 4943, 4944, 4945, 5043, 5044, 5045]
5270
[4838, 4839, 4840, 4938, 4939, 4940, 5038, 5039, 5040]
5161
[4948, 4949, 4950, 5048, 5049, 5050, 5148, 5149, 5150]
4744
[4849, 4850, 4851, 4949, 4950, 4951, 5049, 5050, 5051]
0
[4846, 4847, 4848, 4946, 4947, 4948, 5046, 5047, 5048]
5056
[5057, 5058, 5059, 5157, 5158, 5159, 5257, 5258, 5259]
0
[4949, 4950, 4951, 5049, 5050, 5051, 5149, 5150, 5151]
5056
[4738, 4739, 4740, 4838, 4839, 4840, 4938, 4939, 4940]
5151
[4848, 4849, 4850, 4948, 4949, 4950, 5048, 5049, 5050]
0
[5137, 5138, 5139, 5237, 5238, 5239, 5337, 5338, 5339]
0
[5051, 5052, 5053, 5151, 5152, 5153, 5251, 5252, 5253]
0
[4846, 4847, 4848, 4946, 4947, 4948, 5046, 5047, 5048]
5132
[5269, 5270, 5271, 5369, 5370, 5371, 5469, 5470, 5471]
4534
[4845, 4846, 4847, 4945, 4946, 4947, 5045, 5046, 5047]
5267
[4846, 4847, 4848, 4946, 4947, 4948, 5046, 5047, 5048]
5266
[4849, 4850, 4851, 4949, 4950, 4951, 5049, 5050, 5051]
4637
[4950, 4951, 4952, 5050, 5051, 5052, 5150, 5151, 5152]
5153
[4952, 4953, 4954, 5052, 5053, 5054, 5152, 5153, 5154]
0
[4850, 4851, 4852, 4950, 4951, 4952, 5050, 5051, 5052]
5266
[5052, 5053, 5054, 5152, 5153, 5154, 5252, 5253, 5254]
4949
[4949, 4950, 4951, 5049, 5050, 5051, 5149, 5150, 5151]
4953
[4952, 4953, 4954, 5052, 5053, 5054, 5152, 5153, 5154]
5259
[4953, 4954, 4955, 5053, 5054, 5055, 5153, 5154, 5155]
4941
[4954, 4955, 4956, 5054, 5055, 5056, 5154, 5155, 5156]
5266
[4848, 4849, 4850, 4948, 4949, 4950, 5048, 5049, 5050]
4953
[5050, 5051, 5052, 5150, 5151, 5152, 5250, 5251, 5252]
0
[4956, 4957, 4958, 5056, 5057, 5058, 5156, 5157, 5158]
5161
[5151, 5152, 5153, 5251, 5252, 5253, 5351, 5352, 5353]
0
[4951, 4952, 4953, 5051, 5052, 5053, 5151, 5152, 5153]
4643
[4851, 4852, 4853, 4951, 4952, 4953, 5051, 5052, 5053]
0
[4948, 4949, 4950, 5048, 5049, 5050, 5148, 5149, 5150]
5161
[4846, 4847, 4848, 4946, 4947, 4948, 5046, 5047, 5048]
4745
[4948, 4949, 4950, 5048, 5049, 5050, 5148, 5149, 5150]
0
[4949, 4950, 4951, 5049, 5050, 5051, 5149, 5150, 5151]
4941
[4841, 4842, 4843, 4941, 4942, 4943, 5041, 5042, 5043]
4744
[4848, 4849, 4850, 4948, 4949, 4950, 5048, 5049, 5050]
5143
[4849, 4850, 4851, 4949, 4950, 4951, 5049, 5050, 5051]
5036
[4850, 4851, 4852, 4950, 4951, 4952, 5050, 5051, 5052]
5133
[4951, 4952, 4953, 5051, 5052, 5053, 5151, 5152, 5153]
5238
[4948, 4949, 4950, 5048, 5049, 5050, 5148, 5149, 5150]
5156
[4848, 4849, 4850, 4948, 4949, 4950, 5048, 5049, 5050]
4733
[4848, 4849, 4850, 4948, 4949, 4950, 5048, 5049, 5050]
0
[5144, 5145, 5146, 5244, 5245, 5246, 5344, 5345, 5346]
0
[4846, 4847, 4848, 4946, 4947, 4948, 5046, 5047, 5048]
4855
[5139, 5140, 5141, 5239, 5240, 5241, 5339, 5340, 5341]
5249
[4951, 4952, 4953, 5051, 5052, 5053, 5151, 5152, 5153]
5132
[4734, 4735, 4736, 4834, 4835, 4836, 4934, 4935, 4936]
0
[4846, 4847, 4848, 4946, 4947, 4948, 5046, 5047, 5048]
5270
[4845, 4846, 4847, 4945, 4946, 4947, 5045, 5046, 5047]
5351
[4847, 4848, 4849, 4947, 4948, 4949, 5047, 5048, 5049]
4633
[5057, 5058, 5059, 5157, 5158, 5159, 5257, 5258, 5259]
0
[4951, 4952, 4953, 5051, 5052, 5053, 5151, 5152, 5153]
5259
[4951, 4952, 4953, 5051, 5052, 5053, 5151, 5152, 5153]
4953
[5148, 5149, 5150, 5248, 5249, 5250, 5348, 5349, 5350]
5050
[5052, 5053, 5054, 5152, 5153, 5154, 5252, 5253, 5254]
0
[4955, 4956, 4957, 5055, 5056, 5057, 5155, 5156, 5157]
0
[4947, 4948, 4949, 5047, 5048, 5049, 5147, 5148, 5149]
5241
[4851, 4852, 4853, 4951, 4952, 4953, 5051, 5052, 5053]
5270
[4948, 4949, 4950, 5048, 5049, 5050, 5148, 5149, 5150]
5133
[4948, 4949, 4950, 5048, 5049, 5050, 5148, 5149, 5150]
5132
[5050, 5051, 5052, 5150, 5151, 5152, 5250, 5251, 5252]
5143
[4947, 4948, 4949, 5047, 5048, 5049, 5147, 5148, 5149]
5161
[4848, 4849, 4850, 4948, 4949, 4950, 5048, 5049, 5050]
5038
[4948, 4949, 4950, 5048, 5049, 5050, 5148, 5149, 5150]
0
[5157, 5158, 5159, 5257, 5258, 5259, 5357, 5358, 5359]
0
[5052, 5053, 5054, 5152, 5153, 5154, 5252, 5253, 5254]
5357
[4950, 4951, 4952, 5050, 5051, 5052, 5150, 5151, 5152]
5270
[4850, 4851, 4852, 4950, 4951, 4952, 5050, 5051, 5052]
0
[5054, 5055, 5056, 5154, 5155, 5156, 5254, 5255, 5256]
0
[5165, 5166, 5167, 5265, 5266, 5267, 5365, 5366, 5367]
5357
[4951, 4952, 4953, 5051, 5052, 5053, 5151, 5152, 5153]
5354
[4849, 4850, 4851, 4949, 4950, 4951, 5049, 5050, 5051]
5160
[4954, 4955, 4956, 5054, 5055, 5056, 5154, 5155, 5156]
4933
[4953, 4954, 4955, 5053, 5054, 5055, 5153, 5154, 5155]
0
[4849, 4850, 4851, 4949, 4950, 4951, 5049, 5050, 5051]
5266
[4736, 4737, 4738, 4836, 4837, 4838, 4936, 4937, 4938]
0
[4850, 4851, 4852, 4950, 4951, 4952, 5050, 5051, 5052]
5157
[4848, 4849, 4850, 4948, 4949, 4950, 5048, 5049, 5050]
4733
[4736, 4737, 4738, 4836, 4837, 4838, 4936, 4937, 4938]
5133
[5051, 5052, 5053, 5151, 5152, 5153, 5251, 5252, 5253]
5270
[4736, 4737, 4738, 4836, 4837, 4838, 4936, 4937, 4938]
4934
[4948, 4949, 4950, 5048, 5049, 5050, 5148, 5149, 5150]
0
[4935, 4936, 4937, 5035, 5036, 5037, 5135, 5136, 5137]
4941
[5149, 5150, 5151, 5249, 5250, 5251, 5349, 5350, 5351]
0
[4955, 4956, 4957, 5055, 5056, 5057, 5155, 5156, 5157]
4733
[5147, 5148, 5149, 5247, 5248, 5249, 5347, 5348, 5349]
5351
[4950, 4951, 4952, 5050, 5051, 5052, 5150, 5151, 5152]
5266
[4953, 4954, 4955, 5053, 5054, 5055, 5153, 5154, 5155]
4951
[4952, 4953, 4954, 5052, 5053, 5054, 5152, 5153, 5154]
5153
[5052, 5053, 5054, 5152, 5153, 5154, 5252, 5253, 5254]
5161
[4846, 4847, 4848, 4946, 4947, 4948, 5046, 5047, 5048]
4939
[4951, 4952, 4953, 5051, 5052, 5053, 5151, 5152, 5153]
0
[4841, 4842, 4843, 4941, 4942, 4943, 5041, 5042, 5043]
5145
[4951, 4952, 4953, 5051, 5052, 5053, 5151, 5152, 5153]
5056
[4742, 4743, 4744, 4842, 4843, 4844, 4942, 4943, 4944]
4742
[5055, 5056, 5057, 5155, 5156, 5157, 5255, 5256, 5257]
4939
[4935, 4936, 4937, 5035, 5036, 5037, 5135, 5136, 5137]
5266
[5152, 5153, 5154, 5252, 5253, 5254, 5352, 5353, 5354]
0
[5147, 5148, 5149, 5247, 5248, 5249, 5347, 5348, 5349]
5266
[4946, 4947, 4948, 5046, 5047, 5048, 5146, 5147, 5148]
5270
[4848, 4849, 4850, 4948, 4949, 4950, 5048, 5049, 5050]
4733
[4843, 4844, 4845, 4943, 4944, 4945, 5043, 5044, 5045]
5351
[4846, 4847, 4848, 4946, 4947, 4948, 5046, 5047, 5048]
5346
[4831, 4832, 4833, 4931, 4932, 4933, 5031, 5032, 5033]
5270
[4953, 4954, 4955, 5053, 5054, 5055, 5153, 5154, 5155]
0
[4948, 4949, 4950, 5048, 5049, 5050, 5148, 5149, 5150]
4953
[5137, 5138, 5139, 5237, 5238, 5239, 5337, 5338, 5339]
4740
[4952, 4953, 4954, 5052, 5053, 5054, 5152, 5153, 5154]
5351
[4850, 4851, 4852, 4950, 4951, 4952, 5050, 5051, 5052]
5161
[4847, 4848, 4849, 4947, 4948, 4949, 5047, 5048, 5049]
5240
[4850, 4851, 4852, 4950, 4951, 4952, 5050, 5051, 5052]
5161
[4844, 4845, 4846, 4944, 4945, 4946, 5044, 5045, 5046]
5133
[5050, 5051, 5052, 5150, 5151, 5152, 5250, 5251, 5252]
5133
[4949, 4950, 4951, 5049, 5050, 5051, 5149, 5150, 5151]
5161
[5141, 5142, 5143, 5241, 5242, 5243, 5341, 5342, 5343]
5151
[5144, 5145, 5146, 5244, 5245, 5246, 5344, 5345, 5346]
4949
[4934, 4935, 4936, 5034, 5035, 5036, 5134, 5135, 5136]
5155
[4851, 4852, 4853, 4951, 4952, 4953, 5051, 5052, 5053]
5357
[4849, 4850, 4851, 4949, 4950, 4951, 5049, 5050, 5051]
5146
[4850, 4851, 4852, 4950, 4951, 4952, 5050, 5051, 5052]
0
[4948, 4949, 4950, 5048, 5049, 5050, 5148, 5149, 5150]
5036
[4951, 4952, 4953, 5051, 5052, 5053, 5151, 5152, 5153]
0
[5137, 5138, 5139, 5237, 5238, 5239, 5337, 5338, 5339]
5357
[4641, 4642, 4643, 4741, 4742, 4743, 4841, 4842, 4843]
4744
[4951, 4952, 4953, 5051, 5052, 5053, 5151, 5152, 5153]
5036
[4951, 4952, 4953, 5051, 5052, 5053, 5151, 5152, 5153]
5351
[4847, 4848, 4849, 4947, 4948, 4949, 5047, 5048, 5049]
5240
[4631, 4632, 4633, 4731, 4732, 4733, 4831, 4832, 4833]
4855
[4849, 4850, 4851, 4949, 4950, 4951, 5049, 5050, 5051]
5242
[4955, 4956, 4957, 5055, 5056, 5057, 5155, 5156, 5157]
4934
[4846, 4847, 4848, 4946, 4947, 4948, 5046, 5047, 5048]
5047
[4947, 4948, 4949, 5047, 5048, 5049, 5147, 5148, 5149]
5161
[4843, 4844, 4845, 4943, 4944, 4945, 5043, 5044, 5045]
5146
[4848, 4849, 4850, 4948, 4949, 4950, 5048, 5049, 5050]
4744
[5050, 5051, 5052, 5150, 5151, 5152, 5250, 5251, 5252]
5036
[4851, 4852, 4853, 4951, 4952, 4953, 5051, 5052, 5053]
4941
[4948, 4949, 4950, 5048, 5049, 5050, 5148, 5149, 5150]
5357
[5050, 5051, 5052, 5150, 5151, 5152, 5250, 5251, 5252]
0
[4847, 4848, 4849, 4947, 4948, 4949, 5047, 5048, 5049]
0
[4952, 4953, 4954, 5052, 5053, 5054, 5152, 5153, 5154]
0
[4949, 4950, 4951, 5049, 5050, 5051, 5149, 5150, 5151]
4636
[5256, 5257, 5258, 5356, 5357, 5358, 5456, 5457, 5458]
5270
[4951, 4952, 4953, 5051, 5052, 5053, 5151, 5152, 5153]
0
[4849, 4850, 4851, 4949, 4950, 4951, 5049, 5050, 5051]
4944
[4952, 4953, 4954, 5052, 5053, 5054, 5152, 5153, 5154]
4744
[5256, 5257, 5258, 5356, 5357, 5358, 5456, 5457, 5458]
4744
[4952, 4953, 4954, 5052, 5053, 5054, 5152, 5153, 5154]
5133
[5056, 5057, 5058, 5156, 5157, 5158, 5256, 5257, 5258]
5266
[4839, 4840, 4841, 4939, 4940, 4941, 5039, 5040, 5041]
0
[4847, 4848, 4849, 4947, 4948, 4949, 5047, 5048, 5049]
0
[4947, 4948, 4949, 5047, 5048, 5049, 5147, 5148, 5149]
0
[4641, 4642, 4643, 4741, 4742, 4743, 4841, 4842, 4843]
5036
[4850, 4851, 4852, 4950, 4951, 4952, 5050, 5051, 5052]
5270
[5056, 5057, 5058, 5156, 5157, 5158, 5256, 5257, 5258]
5036
[4933, 4934, 4935, 5033, 5034, 5035, 5133, 5134, 5135]
5247
[4952, 4953, 4954, 5052, 5053, 5054, 5152, 5153, 5154]
4740
[4848, 4849, 4850, 4948, 4949, 4950, 5048, 5049, 5050]
4950
[4634, 4635, 4636, 4734, 4735, 4736, 4834, 4835, 4836]
4643
[5051, 5052, 5053, 5151, 5152, 5153, 5251, 5252, 5253]
0
[4951, 4952, 4953, 5051, 5052, 5053, 5151, 5152, 5153]
0
[5058, 5059, 5060, 5158, 5159, 5160, 5258, 5259, 5260]
0
[4848, 4849, 4850, 4948, 4949, 4950, 5048, 5049, 5050]
5155
[5054, 5055, 5056, 5154, 5155, 5156, 5254, 5255, 5256]
5270
[4947, 4948, 4949, 5047, 5048, 5049, 5147, 5148, 5149]
5238
[4949, 4950, 4951, 5049, 5050, 5051, 5149, 5150, 5151]
5270
[4845, 4846, 4847, 4945, 4946, 4947, 5045, 5046, 5047]
4951
[4951, 4952, 4953, 5051, 5052, 5053, 5151, 5152, 5153]
5057
[4953, 4954, 4955, 5053, 5054, 5055, 5153, 5154, 5155]
5242
[4953, 4954, 4955, 5053, 5054, 5055, 5153, 5154, 5155]
5242
[5057, 5058, 5059, 5157, 5158, 5159, 5257, 5258, 5259]
0
[5055, 5056, 5057, 5155, 5156, 5157, 5255, 5256, 5257]
5156
[5051, 5052, 5053, 5151, 5152, 5153, 5251, 5252, 5253]
4836
[5164, 5165, 5166, 5264, 5265, 5266, 5364, 5365, 5366]
5155
[4947, 4948, 4949, 5047, 5048, 5049, 5147, 5148, 5149]
4742
[5137, 5138, 5139, 5237, 5238, 5239, 5337, 5338, 5339]
5143
[4950, 4951, 4952, 5050, 5051, 5052, 5150, 5151, 5152]
4940
[4741, 4742, 4743, 4841, 4842, 4843, 4941, 4942, 4943]
5357
[4848, 4849, 4850, 4948, 4949, 4950, 5048, 5049, 5050]
0
[5056, 5057, 5058, 5156, 5157, 5158, 5256, 5257, 5258]
5240
[4843, 4844, 4845, 4943, 4944, 4945, 5043, 5044, 5045]
0
[4736, 4737, 4738, 4836, 4837, 4838, 4936, 4937, 4938]
5141
[4948, 4949, 4950, 5048, 5049, 5050, 5148, 5149, 5150]
0
[4945, 4946, 4947, 5045, 5046, 5047, 5145, 5146, 5147]
5242
[4733, 4734, 4735, 4833, 4834, 4835, 4933, 4934, 4935]
0
[4945, 4946, 4947, 5045, 5046, 5047, 5145, 5146, 5147]
4941
[4849, 4850, 4851, 4949, 4950, 4951, 5049, 5050, 5051]
5445
[4842, 4843, 4844, 4942, 4943, 4944, 5042, 5043, 5044]
0
[5256, 5257, 5258, 5356, 5357, 5358, 5456, 5457, 5458]
0
[4951, 4952, 4953, 5051, 5052, 5053, 5151, 5152, 5153]
4733
[4951, 4952, 4953, 5051, 5052, 5053, 5151, 5152, 5153]
5351
[4843, 4844, 4845, 4943, 4944, 4945, 5043, 5044, 5045]
5034
[4841, 4842, 4843, 4941, 4942, 4943, 5041, 5042, 5043]
0
[5051, 5052, 5053, 5151, 5152, 5153, 5251, 5252, 5253]
5270
[4842, 4843, 4844, 4942, 4943, 4944, 5042, 5043, 5044]
0
[4851, 4852, 4853, 4951, 4952, 4953, 5051, 5052, 5053]
0
[4835, 4836, 4837, 4935, 4936, 4937, 5035, 5036, 5037]
4633
[4848, 4849, 4850, 4948, 4949, 4950, 5048, 5049, 5050]
0
[4953, 4954, 4955, 5053, 5054, 5055, 5153, 5154, 5155]
5161
[4955, 4956, 4957, 5055, 5056, 5057, 5155, 5156, 5157]
0
[5056, 5057, 5058, 5156, 5157, 5158, 5256, 5257, 5258]
5057
[4843, 4844, 4845, 4943, 4944, 4945, 5043, 5044, 5045]
0
[4849, 4850, 4851, 4949, 4950, 4951, 5049, 5050, 5051]
5057
[4843, 4844, 4845, 4943, 4944, 4945, 5043, 5044, 5045]
4953
[4948, 4949, 4950, 5048, 5049, 5050, 5148, 5149, 5150]
0
[4949, 4950, 4951, 5049, 5050, 5051, 5149, 5150, 5151]
0
[4847, 4848, 4849, 4947, 4948, 4949, 5047, 5048, 5049]
0
[4952, 4953, 4954, 5052, 5053, 5054, 5152, 5153, 5154]
5133
[4851, 4852, 4853, 4951, 4952, 4953, 5051, 5052, 5053]
4745
[4955, 4956, 4957, 5055, 5056, 5057, 5155, 5156, 5157]
5357
[4844, 4845, 4846, 4944, 4945, 4946, 5044, 5045, 5046]
5133
[5142, 5143, 5144, 5242, 5243, 5244, 5342, 5343, 5344]
4643
[4952, 4953, 4954, 5052, 5053, 5054, 5152, 5153, 5154]
4941
[4850, 4851, 4852, 4950, 4951, 4952, 5050, 5051, 5052]
5244
[4850, 4851, 4852, 4950, 4951, 4952, 5050, 5051, 5052]
4732
[4951, 4952, 4953, 5051, 5052, 5053, 5151, 5152, 5153]
5038
[4847, 4848, 4849, 4947, 4948, 4949, 5047, 5048, 5049]
0
[5057, 5058, 5059, 5157, 5158, 5159, 5257, 5258, 5259]
5445
[5145, 5146, 5147, 5245, 5246, 5247, 5345, 5346, 5347]
5354
[4949, 4950, 4951, 5049, 5050, 5051, 5149, 5150, 5151]
5359
[4851, 4852, 4853, 4951, 4952, 4953, 5051, 5052, 5053]
4948
[4949, 4950, 4951, 5049, 5050, 5051, 5149, 5150, 5151]
4949
[4950, 4951, 4952, 5050, 5051, 5052, 5150, 5151, 5152]
4940
[4736, 4737, 4738, 4836, 4837, 4838, 4936, 4937, 4938]
4636
[4851, 4852, 4853, 4951, 4952, 4953, 5051, 5052, 5053]
4836
[4949, 4950, 4951, 5049, 5050, 5051, 5149, 5150, 5151]
4939
[4950, 4951, 4952, 5050, 5051, 5052, 5150, 5151, 5152]
5132
[4951, 4952, 4953, 5051, 5052, 5053, 5151, 5152, 5153]
0
[5051, 5052, 5053, 5151, 5152, 5153, 5251, 5252, 5253]
0
[4949, 4950, 4951, 5049, 5050, 5051, 5149, 5150, 5151]
0
[5256, 5257, 5258, 5356, 5357, 5358, 5456, 5457, 5458]
0
[4949, 4950, 4951, 5049, 5050, 5051, 5149, 5150, 5151]
5036
[4945, 4946, 4947, 5045, 5046, 5047, 5145, 5146, 5147]
0
[5242, 5243, 5244, 5342, 5343, 5344, 5442, 5443, 5444]
5240
[4949, 4950, 4951, 5049, 5050, 5051, 5149, 5150, 5151]
4744
[4846, 4847, 4848, 4946, 4947, 4948, 5046, 5047, 5048]
5159
[5055, 5056, 5057, 5155, 5156, 5157, 5255, 5256, 5257]
4951
[4948, 4949, 4950, 5048, 5049, 5050, 5148, 5149, 5150]
4836
[4843, 4844, 4845, 4943, 4944, 4945, 5043, 5044, 5045]
4953
[4952, 4953, 4954, 5052, 5053, 5054, 5152, 5153, 5154]
4740
[4951, 4952, 4953, 5051, 5052, 5053, 5151, 5152, 5153]
5155
[4840, 4841, 4842, 4940, 4941, 4942, 5040, 5041, 5042]
4944
[4847, 4848, 4849, 4947, 4948, 4949, 5047, 5048, 5049]
5357
[4850, 4851, 4852, 4950, 4951, 4952, 5050, 5051, 5052]
0
[4850, 4851, 4852, 4950, 4951, 4952, 5050, 5051, 5052]
0
[4845, 4846, 4847, 4945, 4946, 4947, 5045, 5046, 5047]
0
[4847, 4848, 4849, 4947, 4948, 4949, 5047, 5048, 5049]
0
[4950, 4951, 4952, 5050, 5051, 5052, 5150, 5151, 5152]
0
[4849, 4850, 4851, 4949, 4950, 4951, 5049, 5050, 5051]
0
[5161, 5162, 5163, 5261, 5262, 5263, 5361, 5362, 5363]
5036
[4949, 4950, 4951, 5049, 5050, 5051, 5149, 5150, 5151]
0
[4849, 4850, 4851, 4949, 4950, 4951, 5049, 5050, 5051]
5038
[4848, 4849, 4850, 4948, 4949, 4950, 5048, 5049, 5050]
4953
[4952, 4953, 4954, 5052, 5053, 5054, 5152, 5153, 5154]
5247
[4850, 4851, 4852, 4950, 4951, 4952, 5050, 5051, 5052]
0
[5137, 5138, 5139, 5237, 5238, 5239, 5337, 5338, 5339]
5133
[4743, 4744, 4745, 4843, 4844, 4845, 4943, 4944, 4945]
5270
[4849, 4850, 4851, 4949, 4950, 4951, 5049, 5050, 5051]
5046
[5137, 5138, 5139, 5237, 5238, 5239, 5337, 5338, 5339]
0
[4735, 4736, 4737, 4835, 4836, 4837, 4935, 4936, 4937]
5038
[4735, 4736, 4737, 4835, 4836, 4837, 4935, 4936, 4937]
4834
[5051, 5052, 5053, 5151, 5152, 5153, 5251, 5252, 5253]
4953
[4952, 4953, 4954, 5052, 5053, 5054, 5152, 5153, 5154]
5036
[5056, 5057, 5058, 5156, 5157, 5158, 5256, 5257, 5258]
4643
[4848, 4849, 4850, 4948, 4949, 4950, 5048, 5049, 5050]
4742
[5058, 5059, 5060, 5158, 5159, 5160, 5258, 5259, 5260]
5359
[4952, 4953, 4954, 5052, 5053, 5054, 5152, 5153, 5154]
4941
[4839, 4840, 4841, 4939, 4940, 4941, 5039, 5040, 5041]
5266
[5148, 5149, 5150, 5248, 5249, 5250, 5348, 5349, 5350]
5146
[4952, 4953, 4954, 5052, 5053, 5054, 5152, 5153, 5154]
4733
[4851, 4852, 4853, 4951, 4952, 4953, 5051, 5052, 5053]
5161
[4641, 4642, 4643, 4741, 4742, 4743, 4841, 4842, 4843]
4733
[4848, 4849, 4850, 4948, 4949, 4950, 5048, 5049, 5050]
5359
[5054, 5055, 5056, 5154, 5155, 5156, 5254, 5255, 5256]
5132
[4950, 4951, 4952, 5050, 5051, 5052, 5150, 5151, 5152]
4836
[4950, 4951, 4952, 5050, 5051, 5052, 5150, 5151, 5152]
5346
[5147, 5148, 5149, 5247, 5248, 5249, 5347, 5348, 5349]
0
[4851, 4852, 4853, 4951, 4952, 4953, 5051, 5052, 5053]
0
[4735, 4736, 4737, 4835, 4836, 4837, 4935, 4936, 4937]
5270
[4948, 4949, 4950, 5048, 5049, 5050, 5148, 5149, 5150]
0
[4951, 4952, 4953, 5051, 5052, 5053, 5151, 5152, 5153]
5151
[4952, 4953, 4954, 5052, 5053, 5054, 5152, 5153, 5154]
0
[4952, 4953, 4954, 5052, 5053, 5054, 5152, 5153, 5154]
0
[4848, 4849, 4850, 4948, 4949, 4950, 5048, 5049, 5050]
4855
[5051, 5052, 5053, 5151, 5152, 5153, 5251, 5252, 5253]
4744
[5055, 5056, 5057, 5155, 5156, 5157, 5255, 5256, 5257]
5046
[4838, 4839, 4840, 4938, 4939, 4940, 5038, 5039, 5040]
4939
[4849, 4850, 4851, 4949, 4950, 4951, 5049, 5050, 5051]
4643
[5041, 5042, 5043, 5141, 5142, 5143, 5241, 5242, 5243]
5161
[4843, 4844, 4845, 4943, 4944, 4945, 5043, 5044, 5045]
0
[4949, 4950, 4951, 5049, 5050, 5051, 5149, 5150, 5151]
4940
[4851, 4852, 4853, 4951, 4952, 4953, 5051, 5052, 5053]
4944
[5057, 5058, 5059, 5157, 5158, 5159, 5257, 5258, 5259]
4740
[4737, 4738, 4739, 4837, 4838, 4839, 4937, 4938, 4939]
5146
[5155, 5156, 5157, 5255, 5256, 5257, 5355, 5356, 5357]
5161
[4847, 4848, 4849, 4947, 4948, 4949, 5047, 5048, 5049]
4744
[4949, 4950, 4951, 5049, 5050, 5051, 5149, 5150, 5151]
5155
[4955, 4956, 4957, 5055, 5056, 5057, 5155, 5156, 5157]
5036
[4953, 4954, 4955, 5053, 5054, 5055, 5153, 5154, 5155]
5159
[4851, 4852, 4853, 4951, 4952, 4953, 5051, 5052, 5053]
5057
[4641, 4642, 4643, 4741, 4742, 4743, 4841, 4842, 4843]
5159
[4847, 4848, 4849, 4947, 4948, 4949, 5047, 5048, 5049]
5352
[4952, 4953, 4954, 5052, 5053, 5054, 5152, 5153, 5154]
5270
[5141, 5142, 5143, 5241, 5242, 5243, 5341, 5342, 5343]
5161
[4847, 4848, 4849, 4947, 4948, 4949, 5047, 5048, 5049]
0
[5053, 5054, 5055, 5153, 5154, 5155, 5253, 5254, 5255]
5357
[4851, 4852, 4853, 4951, 4952, 4953, 5051, 5052, 5053]
5248
[5056, 5057, 5058, 5156, 5157, 5158, 5256, 5257, 5258]
5359
[4736, 4737, 4738, 4836, 4837, 4838, 4936, 4937, 4938]
4845
[4734, 4735, 4736, 4834, 4835, 4836, 4934, 4935, 4936]
5359
[4737, 4738, 4739, 4837, 4838, 4839, 4937, 4938, 4939]
5151
[5256, 5257, 5258, 5356, 5357, 5358, 5456, 5457, 5458]
5266
[4951, 4952, 4953, 5051, 5052, 5053, 5151, 5152, 5153]
4941
[4947, 4948, 4949, 5047, 5048, 5049, 5147, 5148, 5149]
5270
[4954, 4955, 4956, 5054, 5055, 5056, 5154, 5155, 5156]
0
[4641, 4642, 4643, 4741, 4742, 4743, 4841, 4842, 4843]
4949
[4933, 4934, 4935, 5033, 5034, 5035, 5133, 5134, 5135]
5050
[4849, 4850, 4851, 4949, 4950, 4951, 5049, 5050, 5051]
0
[4848, 4849, 4850, 4948, 4949, 4950, 5048, 5049, 5050]
5445
[4849, 4850, 4851, 4949, 4950, 4951, 5049, 5050, 5051]
5445
[5055, 5056, 5057, 5155, 5156, 5157, 5255, 5256, 5257]
0
[5054, 5055, 5056, 5154, 5155, 5156, 5254, 5255, 5256]
5046
[4846, 4847, 4848, 4946, 4947, 4948, 5046, 5047, 5048]
5266
[4735, 4736, 4737, 4835, 4836, 4837, 4935, 4936, 4937]
5160
[4849, 4850, 4851, 4949, 4950, 4951, 5049, 5050, 5051]
4954
[4947, 4948, 4949, 5047, 5048, 5049, 5147, 5148, 5149]
4740
[4734, 4735, 4736, 4834, 4835, 4836, 4934, 4935, 4936]
0
[4949, 4950, 4951, 5049, 5050, 5051, 5149, 5150, 5151]
4933
[4836, 4837, 4838, 4936, 4937, 4938, 5036, 5037, 5038]
5143
[4848, 4849, 4850, 4948, 4949, 4950, 5048, 5049, 5050]
5133
[4848, 4849, 4850, 4948, 4949, 4950, 5048, 5049, 5050]
5157
[4953, 4954, 4955, 5053, 5054, 5055, 5153, 5154, 5155]
5132
[4948, 4949, 4950, 5048, 5049, 5050, 5148, 5149, 5150]
0
[4947, 4948, 4949, 5047, 5048, 5049, 5147, 5148, 5149]
4855
[5052, 5053, 5054, 5152, 5153, 5154, 5252, 5253, 5254]
4933
[4849, 4850, 4851, 4949, 4950, 4951, 5049, 5050, 5051]
5352
[5056, 5057, 5058, 5156, 5157, 5158, 5256, 5257, 5258]
4950
[4950, 4951, 4952, 5050, 5051, 5052, 5150, 5151, 5152]
0
[5149, 5150, 5151, 5249, 5250, 5251, 5349, 5350, 5351]
0
[4952, 4953, 4954, 5052, 5053, 5054, 5152, 5153, 5154]
4740
[5139, 5140, 5141, 5239, 5240, 5241, 5339, 5340, 5341]
0
[5246, 5247, 5248, 5346, 5347, 5348, 5446, 5447, 5448]
5240
[4846, 4847, 4848, 4946, 4947, 4948, 5046, 5047, 5048]
5357
[4850, 4851, 4852, 4950, 4951, 4952, 5050, 5051, 5052]
4636
[4847, 4848, 4849, 4947, 4948, 4949, 5047, 5048, 5049]
0
[5054, 5055, 5056, 5154, 5155, 5156, 5254, 5255, 5256]
4851
[4952, 4953, 4954, 5052, 5053, 5054, 5152, 5153, 5154]
5270
[5245, 5246, 5247, 5345, 5346, 5347, 5445, 5446, 5447]
5259
[4948, 4949, 4950, 5048, 5049, 5050, 5148, 5149, 5150]
0
[4954, 4955, 4956, 5054, 5055, 5056, 5154, 5155, 5156]
0
[4641, 4642, 4643, 4741, 4742, 4743, 4841, 4842, 4843]
5161
[4950, 4951, 4952, 5050, 5051, 5052, 5150, 5151, 5152]
0
[5056, 5057, 5058, 5156, 5157, 5158, 5256, 5257, 5258]
0
[5137, 5138, 5139, 5237, 5238, 5239, 5337, 5338, 5339]
4855
[4848, 4849, 4850, 4948, 4949, 4950, 5048, 5049, 5050]
5036
[4841, 4842, 4843, 4941, 4942, 4943, 5041, 5042, 5043]
5148
[4951, 4952, 4953, 5051, 5052, 5053, 5151, 5152, 5153]
5049
[5139, 5140, 5141, 5239, 5240, 5241, 5339, 5340, 5341]
5351
[4641, 4642, 4643, 4741, 4742, 4743, 4841, 4842, 4843]
4643
[5152, 5153, 5154, 5252, 5253, 5254, 5352, 5353, 5354]
0
[4953, 4954, 4955, 5053, 5054, 5055, 5153, 5154, 5155]
5048
[5148, 5149, 5150, 5248, 5249, 5250, 5348, 5349, 5350]
0
[4951, 4952, 4953, 5051, 5052, 5053, 5151, 5152, 5153]
5143
[4844, 4845, 4846, 4944, 4945, 4946, 5044, 5045, 5046]
0
[5054, 5055, 5056, 5154, 5155, 5156, 5254, 5255, 5256]
5161
[5052, 5053, 5054, 5152, 5153, 5154, 5252, 5253, 5254]
0
[4950, 4951, 4952, 5050, 5051, 5052, 5150, 5151, 5152]
5048
[5055, 5056, 5057, 5155, 5156, 5157, 5255, 5256, 5257]
0
[4849, 4850, 4851, 4949, 4950, 4951, 5049, 5050, 5051]
4941
[4846, 4847, 4848, 4946, 4947, 4948, 5046, 5047, 5048]
0
[5244, 5245, 5246, 5344, 5345, 5346, 5444, 5445, 5446]
4742
[4950, 4951, 4952, 5050, 5051, 5052, 5150, 5151, 5152]
4845
[5144, 5145, 5146, 5244, 5245, 5246, 5344, 5345, 5346]
5148
[4847, 4848, 4849, 4947, 4948, 4949, 5047, 5048, 5049]
4933
[4948, 4949, 4950, 5048, 5049, 5050, 5148, 5149, 5150]
5351
[4953, 4954, 4955, 5053, 5054, 5055, 5153, 5154, 5155]
0
[4850, 4851, 4852, 4950, 4951, 4952, 5050, 5051, 5052]
5160
[4851, 4852, 4853, 4951, 4952, 4953, 5051, 5052, 5053]
4744
[4953, 4954, 4955, 5053, 5054, 5055, 5153, 5154, 5155]
4636
[4950, 4951, 4952, 5050, 5051, 5052, 5150, 5151, 5152]
5352
[4847, 4848, 4849, 4947, 4948, 4949, 5047, 5048, 5049]
4951
[4845, 4846, 4847, 4945, 4946, 4947, 5045, 5046, 5047]
5133
[4850, 4851, 4852, 4950, 4951, 4952, 5050, 5051, 5052]
5270
[4952, 4953, 4954, 5052, 5053, 5054, 5152, 5153, 5154]
0
[4844, 4845, 4846, 4944, 4945, 4946, 5044, 5045, 5046]
0
[5057, 5058, 5059, 5157, 5158, 5159, 5257, 5258, 5259]
5159
[4951, 4952, 4953, 5051, 5052, 5053, 5151, 5152, 5153]
4949
[4951, 4952, 4953, 5051, 5052, 5053, 5151, 5152, 5153]
5240
[4951, 4952, 4953, 5051, 5052, 5053, 5151, 5152, 5153]
5353
[4736, 4737, 4738, 4836, 4837, 4838, 4936, 4937, 4938]
5244
[4845, 4846, 4847, 4945, 4946, 4947, 5045, 5046, 5047]
5161
[4846, 4847, 4848, 4946, 4947, 4948, 5046, 5047, 5048]
4742
[4953, 4954, 4955, 5053, 5054, 5055, 5153, 5154, 5155]
4954
[4846, 4847, 4848, 4946, 4947, 4948, 5046, 5047, 5048]
4953
[4846, 4847, 4848, 4946, 4947, 4948, 5046, 5047, 5048]
5240
[5246, 5247, 5248, 5346, 5347, 5348, 5446, 5447, 5448]
0
[4948, 4949, 4950, 5048, 5049, 5050, 5148, 5149, 5150]
4946
[5053, 5054, 5055, 5153, 5154, 5155, 5253, 5254, 5255]
5241
[4948, 4949, 4950, 5048, 5049, 5050, 5148, 5149, 5150]
5354
[5147, 5148, 5149, 5247, 5248, 5249, 5347, 5348, 5349]
4740
[4953, 4954, 4955, 5053, 5054, 5055, 5153, 5154, 5155]
0
[4953, 4954, 4955, 5053, 5054, 5055, 5153, 5154, 5155]
5145
[4945, 4946, 4947, 5045, 5046, 5047, 5145, 5146, 5147]
4941
[4843, 4844, 4845, 4943, 4944, 4945, 5043, 5044, 5045]
5145
[4947, 4948, 4949, 5047, 5048, 5049, 5147, 5148, 5149]
5036
[4952, 4953, 4954, 5052, 5053, 5054, 5152, 5153, 5154]
5238
[4847, 4848, 4849, 4947, 4948, 4949, 5047, 5048, 5049]
0
[4950, 4951, 4952, 5050, 5051, 5052, 5150, 5151, 5152]
0
[4846, 4847, 4848, 4946, 4947, 4948, 5046, 5047, 5048]
5049
[4641, 4642, 4643, 4741, 4742, 4743, 4841, 4842, 4843]
5132
[4950, 4951, 4952, 5050, 5051, 5052, 5150, 5151, 5152]
4636
[4947, 4948, 4949, 5047, 5048, 5049, 5147, 5148, 5149]
4742
[4948, 4949, 4950, 5048, 5049, 5050, 5148, 5149, 5150]
4834
[4949, 4950, 4951, 5049, 5050, 5051, 5149, 5150, 5151]
4836
[4850, 4851, 4852, 4950, 4951, 4952, 5050, 5051, 5052]
0
[4947, 4948, 4949, 5047, 5048, 5049, 5147, 5148, 5149]
5161
[5256, 5257, 5258, 5356, 5357, 5358, 5456, 5457, 5458]
5038
[4950, 4951, 4952, 5050, 5051, 5052, 5150, 5151, 5152]
0
[4848, 4849, 4850, 4948, 4949, 4950, 5048, 5049, 5050]
0
[4847, 4848, 4849, 4947, 4948, 4949, 5047, 5048, 5049]
5247
[4948, 4949, 4950, 5048, 5049, 5050, 5148, 5149, 5150]
4742
[4947, 4948, 4949, 5047, 5048, 5049, 5147, 5148, 5149]
0
[4843, 4844, 4845, 4943, 4944, 4945, 5043, 5044, 5045]
5266
[4852, 4853, 4854, 4952, 4953, 4954, 5052, 5053, 5054]
5267
[4952, 4953, 4954, 5052, 5053, 5054, 5152, 5153, 5154]
4733
Accuracy
154
Super Accuracy
27
<756x10000 sparse matrix of type '<class 'numpy.float64'>'
	with 117193 stored elements in Compressed Sparse Row format>
